max_df = np.arange(1., .0, -0.1)

spam, ham = 17171, 16545

feats
tfidf.1.0.pkl (33716, 118650)
tfidf.0.9.pkl (33716, 118649)
tfidf.0.8.pkl (33716, 118649)
tfidf.0.7.pkl (33716, 118649)
tfidf.0.6.pkl (33716, 118649)
tfidf.0.5.pkl (33716, 118649)
tfidf.0.4.pkl (33716, 118649)
tfidf.0.3.pkl (33716, 118649)
tfidf.0.2.pkl (33716, 118643)
tfidf.0.1.pkl (33716, 118586)

MNB
[98.33185053380782,
 98.48754448398576,
 98.49495848161328,
 98.45788849347568,
 98.51720047449585,
 98.48754448398577,
 98.39857651245552,
 98.54685646500593,
 98.50978647686834,
 98.16874258600237]

SVM
[98.7173784104389,
 98.85083036773429,
 98.74703440094899,
 98.7841043890866,
 98.85083036773429,
 98.82117437722421,
 98.8211743772242,
 98.81376037959669,
 98.59134045077106,
 98.54685646500593]

MNB+LSA
[76.08985765124555,
 76.09727164887308,
 77.18712930011861,
 77.08333333333333,
 76.73487544483986,
 76.29003558718861,
 77.69128113879003,
 77.23902728351128,
 77.80990510083036,
 75.52639383155396]

SVM+LSA
[96.95284697508897,
 97.44217081850535,
 97.43475682087782,
 97.07888493475681,
 97.27906287069989,
 96.50059311981019,
 97.40510083036773,
 97.07888493475683,
 96.86387900355874,
 96.72301304863583]